2
13589 13548 
0  9  2  2  1  1  1  
1  0  2  2  1  1  1  
0
1 1 
0.01
10.6165 1.0795 
0.02
34.6256 1.28335 
0.03
76.2229 1.65258 
0.04
232.112 2.25023 
0.05
361.682 3.12983 
0.06
428.779 4.38991 
0.07
358.24 6.10194 
0.08
373.606 8.25524 
0.09
437.961 10.7168 
0.1
377.657 13.2784 
0.11
400.576 15.7983 
0.12
344.87 18.1072 
0.13
443.214 20.42 
0.14
555.937 23.0352 
0.15
658.809 26.0098 
0.16
717.207 29.403 
0.17
706.905 32.7037 
0.18
746.626 35.8795 
0.19
775.24 39.2221 
0.2
765.916 43.4571 
0.21
760.345 49.0858 
0.22
716.17 55.9388 
0.23
740.299 62.8691 
0.24
717.894 68.5939 
0.25
733.738 72.3993 
0.26
800.798 74.7632 
0.27
874.605 76.075 
0.28
868.995 76.7347 
0.29
868.768 76.7663 
0.3
930.306 76.23 
0.31
878.309 75.0571 
0.32
925.951 73.5603 
0.33
908.719 71.9687 
0.34
891.695 70.8393 
0.35
911.724 70.0177 
0.36
919.41 69.0992 
0.37
893.322 68.0947 
0.38
875.938 67.0234 
0.39
908.762 66.1343 
0.4
940.022 66.2539 
0.41
898.757 67.5463 
0.42
875.876 69.9136 
0.43
871.06 72.7782 
0.44
845.105 75.8971 
0.45
810.061 79.2659 
0.46
802.231 83.0333 
0.47
788.071 87.2842 
0.48
699.777 92.1367 
0.49
721.725 96.8107 
0.5
800.117 101.471 
0.51
793.147 105.468 
0.52
808.934 109.071 
0.53
851.17 112.305 
0.54
820.335 115.185 
0.55
823.226 117.421 
0.56
824.999 118.569 
0.57
846.235 118.191 
0.58
879.374 115.623 
0.59
882.5 111.534 
0.6
929.983 106.494 
0.61
950.047 101.417 
0.62
953.493 97.6467 
0.63
960.872 95.2549 
0.64
969.22 95.4073 
0.65
1014.43 97.4856 
0.66
1002.51 100.988 
0.67
983.625 105.352 
0.68
1041.63 108.947 
0.69
1012.7 110.745 
0.7
988.259 109.756 
0.71
1001.73 105.394 
0.72
993.042 99.0568 
0.73
1008.41 91.9211 
0.74
1019.11 85.7501 
0.75
995.04 81.3117 
0.76
958.385 78.8007 
0.77
988.695 77.7718 
0.78
970.617 78.0533 
0.79
956.286 80.0753 
0.8
968.042 83.3505 
0.81
970.164 87.9479 
0.82
966.897 93.0822 
0.83
985.437 98.1725 
0.84
991.609 102.387 
0.85
980.006 105.81 
0.86
982.464 109.217 
0.87
969.812 113.084 
0.88
1000.15 117.524 
0.89
1005.03 122.79 
0.9
1019.12 128.077 
0.91
1006.86 132.422 
0.92
994.367 136.054 
0.93
967.042 138.525 
0.94
979.245 140.29 
0.95
942.103 142.071 
0.96
991.317 143.506 
0.97
937.244 143.874 
0.98
931.959 143.861 
0.99
943.995 143.588 
1
959.796 144.084 
